%YAML:1.0
calibration_time: "Tue 17 May 2016 04:51:00 PM CEST"
nFrames: 75
flags: 0
image_width: 1440
image_height: 1440
camera_matrix: !!opencv-matrix
   rows: 3
   cols: 3
   dt: d
   data: [ 5.8579122147407486e+02, 1.2082502740306145e-01,
       7.2596562658657444e+02, 0., 5.8579352169945821e+02,
       7.2044403453421637e+02, 0., 0., 1. ]
distortion_coefficients: !!opencv-matrix
   rows: 1
   cols: 4
   dt: d
   data: [ -1.5559358988601960e-01, 1.3949082716028476e-02,
       -6.9069439590575344e-04, 1.6305990170749259e-04 ]
xi: 8.2007860270282606e-01
rms: 5.4218419780326710e-01